run_1
run_2
run_3
run_4
run_5
run_6
run_7
run_8
run_9
run_11
run_12
run_13
run_18
run_19
run_20
run_21
run_24
run_26
run_27
run_28
run_29
run_30
run_31
run_32
run_33
run_34
run_35
run_36
run_37
run_38
run_39
run_41
run_42
run_43
run_44
run_45
run_47
run_48
run_49
run_50
52
68
72
76
80
83
87
90
92
93
95
99
100
105
106
111
114
115
116
124
126
135
136
141
142
144
146
147
150
170
183
184
188
190
191
197
202
204
208
214
220
223
225
236
239
243
248
249
254
260
263
268
272
273
275
277
283
284
285
287
293
304
310
313
314
321
323
325
331
333
344
345
346
347
350
351
353
355
356
357
359
360
362
369
370
382
383
385
390
391
394
395
398
399
404
407
408
409
413
418
425
429
432
437
441
446
450
451
452
454
456
458
465
469
471
472
477
487
490
500209
414
112
182
102
428
337
229
78
389
86
495
205
380
363
497
491
113
290
308
422
53
388
430
267
250
423
364
179
57
481
232
335
107
401
320
431
210
221
128
433
417
467
165
455
199
443
291
366
139
58
457
89
403
217
261
281
207
482
334
402
419
125
436
396
377
410
247
155
365
120
246
459
460
393
63
251
198
466
288
449
279
289
386
274
368
101
486
499
157
315
453
367
178
132
259
186
416
181
294
194
375
372
340
169
270
104
81
161
149
177
233
392
336
282
476
361
206
379
442
231
64
230
163
478
97
61
151
171
316
387
56
496
175
434
427
420
193
303
131
435
168
91
244
123
242
424
51
412
301
484
167
400
180
352
327
96
54
264
154
444
483
299
463
196
349
280
211
438
292
117
94
498
85
237
245
330
371
187
354
322
212
276
332
256
266
440
108
158
110
224
297
479
238
300
348
358
447
269
138
488
474
201
173
62
426
69
343
341
176
311
140
461
445
296
160
415
226
405
152
329
255
121
411
286
75
298
462
317
159
305
137
185
192
119
189
373
295
222
494
